60
4
3
12	8	12	8	12	8	8	12	8	12	8	12	8	8	12	12	8	12	8	8	2	2	3	2	3	2	3	2	3	2	2	3	2	2	3	3	2	2	3	2	6	4	6	4	6	4	6	4	4	6	4	6	4	6	4	4	4	6	4	4
512	128	512	512	128	128	512	512	128	128	256	512	128	512	256	256	128	512	128	128	16	16	16	32	16	64	64	32	32	32	64	16	16	16	16	64	64	32	16	32	64	64	128	64	64	128	64	128	64	128	64	64	128	64	64	128	64	64	64	128
67	67	65	66	68	65	67	66	68	67	64	67	66	64	68	68	67	67	65	69	51	57	53	67	52	53	67	57	67	52	59	59	55	58	67	51	60	50	53	53	67	61	61	67	62	67	61	63	62	62	63	67	62	61	60	65	61	67	62	61
730	763	971	816	741	792	852	821	977	602	772	579	758	564	929	911	685	620	495	450	151	127	170	84	110	124	120	94	163	163	143	171	143	123	110	149	161	160	179	98	184	217	338	309	288	260	253	326	194	216	214	185	208	209	257	254	310	245	280	298
1	1	1	1	1	1	1	1	1	1	1	1	1	1	1	1	1	1	1	1	0	0	0	0	0	0	0	0	0	0	0	0	0	0	0	0	0	0	0	0	0	0	0	0	0	0	0	0	0	0	0	0	0	0	0	0	0	0	0	0
0	0	0	0	0	0	0	0	0	0	0	0	0	0	0	0	0	0	0	0	1	1	1	1	1	1	1	1	1	1	1	1	1	1	1	1	1	1	1	1	0	0	0	0	0	0	0	0	0	0	0	0	0	0	0	0	0	0	0	0
0	0	0	0	0	0	0	0	0	0	0	0	0	0	0	0	0	0	0	0	0	0	0	0	0	0	0	0	0	0	0	0	0	0	0	0	0	0	0	0	1	1	1	1	1	1	1	1	1	1	1	1	1	1	1	1	1	1	1	1
